70006000 asdkjsad sadsad
70006004
70006008
7000600C
70006010
70006014
70006018
7000601C
70006020
70006024
70006028
7000603C
70006040
70006044
70006048
7000604C
70006050
70006054
70006058
7000605C
70006060
70006064
70006068
7000607C
70006200
70006204
70006208
7000620C
70006210
70006214
70006218
7000621C
70006220
70006224
70006228
7000623C
70006300
70006304
70006308
7000630C
70006310
70006314
70006318
7000631C
70006320
70006324
70006328
7000633C
70006400
70006404
70006408
7000640C
70006410
70006414
70006418
7000641C
70006420
70006424
70006428
7000643C